Movie,Bond,Director,Year
Dr. No,Sean Connery,Terence Young,1962
From Russia with Love,Sean Connery,Terence Young,1963
Goldfinger,Sean Connery,Guy Hamilton,1964
Thunderball,Sean Connery,Terence Young,1965
You Only Live Twice,Sean Connery,Lewis Gilbert,1967
On Her Majesty's Secret Service,George Lazenby,Peter R. Hunt,1969
Diamonds Are Forever,Sean Connery,Guy Hamilton,1971
Live and Let Die,Roger Moore,Guy Hamilton,1973
The Man with the Golden Gun,Roger Moore,Guy Hamilton,1974
The Spy Who Loved Me,Roger Moore,Lewis Gilbert,1977
